1.788981421668722760e-06
9.285886335419490933e-07
6.574672397618996911e-07
6.044736551302776206e-07
2.648009285621810704e-06
1.388759528708760627e-06
1.328935240962891839e-06
1.440090727555798367e-06
4.389863192955090199e-07
1.470765482736169361e-06
3.917666617780923843e-06
3.068303612963063642e-06
1.292519982598605566e-06
2.976060841319849715e-06
1.802814267648500390e-06
8.564076097172801383e-07
6.206786906659544911e-07
5.859662906004814431e-07
1.167455934591998812e-06
1.098929942600079812e-06
1.737235265864001121e-06
2.053505312460401910e-07
1.181703964903135784e-06
1.771532424754695967e-06
2.788624726690613898e-07
1.558635403853259049e-06
7.345919357248931192e-07
1.276028569918707944e-06
6.799691050218825694e-07
2.198820311605231836e-06
1.297540279665554408e-06
9.470961686020018533e-07
